8.5365e+05 9.8757e+05 2.2539e+03 -8.0916e+00
8.5371e+05 9.8757e+05 2.3032e+03 -8.2225e+00
8.5378e+05 9.8757e+05 2.3361e+03 -8.2669e+00
8.5384e+05 9.8757e+05 2.3746e+03 -7.4200e+00
8.5391e+05 9.8757e+05 2.4174e+03 -1.3100e+01
8.5397e+05 9.8757e+05 2.4658e+03 -9.6892e+00
8.5404e+05 9.8757e+05 2.5002e+03 -8.6470e+00
8.5410e+05 9.8757e+05 2.5306e+03 -1.2167e+01
8.5417e+05 9.8757e+05 2.5890e+03 -1.5310e+01
8.5423e+05 9.8757e+05 2.6359e+03 -9.9322e+00
8.5430e+05 9.8757e+05 2.6815e+03 -1.0979e+01
8.5436e+05 9.8757e+05 2.7076e+03 -1.2550e+01
8.5443e+05 9.8757e+05 2.6996e+03 -1.7043e+01
8.5449e+05 9.8757e+05 2.6808e+03 -1.2505e+01
8.5456e+05 9.8757e+05 2.6583e+03 -1.3333e+01
8.5462e+05 9.8757e+05 2.6333e+03 -1.6659e+01
8.5469e+05 9.8757e+05 2.6115e+03 -1.5350e+01
8.5475e+05 9.8757e+05 2.5919e+03 -1.3229e+01
8.5482e+05 9.8757e+05 2.5892e+03 -1.2766e+01
8.5488e+05 9.8757e+05 2.5953e+03 -1.3882e+01
8.5495e+05 9.8757e+05 2.5768e+03 -7.9294e+00
8.5501e+05 9.8757e+05 2.5353e+03 -1.0486e+01
8.5508e+05 9.8757e+05 2.4965e+03 -9.7903e+00
8.5514e+05 9.8757e+05 2.4612e+03 -9.4285e+00
8.5521e+05 9.8757e+05 2.4560e+03 -1.3102e+01
8.5527e+05 9.8757e+05 2.4583e+03 -1.0892e+01
8.5534e+05 9.8757e+05 2.4628e+03 -1.2434e+01
8.5540e+05 9.8757e+05 2.4770e+03 -1.2652e+01
8.5547e+05 9.8757e+05 2.4959e+03 -9.0909e+00
8.5553e+05 9.8757e+05 2.5377e+03 -9.1845e+00
8.5365e+05 9.8764e+05 2.2537e+03 -1.1420e+01
8.5371e+05 9.8764e+05 2.3046e+03 -4.7070e+00
8.5378e+05 9.8764e+05 2.3462e+03 -1.0668e+01
8.5384e+05 9.8764e+05 2.3868e+03 -6.7552e+00
8.5391e+05 9.8764e+05 2.4192e+03 -1.2329e+01
8.5397e+05 9.8764e+05 2.4739e+03 -1.1087e+01
8.5404e+05 9.8764e+05 2.5100e+03 -1.2617e+01
8.5410e+05 9.8764e+05 2.5517e+03 -1.0379e+01
8.5417e+05 9.8764e+05 2.5972e+03 -1.1275e+01
8.5423e+05 9.8764e+05 2.6431e+03 -1.3933e+01
8.5430e+05 9.8764e+05 2.7075e+03 -1.3915e+01
8.5436e+05 9.8764e+05 2.7420e+03 -1.3815e+01
8.5443e+05 9.8764e+05 2.7374e+03 -1.4822e+01
8.5449e+05 9.8764e+05 2.7136e+03 -1.1074e+01
8.5456e+05 9.8764e+05 2.6795e+03 -1.2855e+01
8.5462e+05 9.8764e+05 2.6535e+03 -1.5246e+01
8.5469e+05 9.8764e+05 2.6257e+03 -1.5955e+01
8.5475e+05 9.8764e+05 2.6019e+03 -1.4234e+01
8.5482e+05 9.8764e+05 2.5960e+03 -1.4087e+01
8.5488e+05 9.8764e+05 2.5970e+03 -1.2658e+01
8.5495e+05 9.8764e+05 2.5816e+03 -1.3261e+01
8.5501e+05 9.8764e+05 2.5414e+03 -1.2970e+01
8.5508e+05 9.8764e+05 2.5018e+03 -1.1996e+01
8.5514e+05 9.8764e+05 2.4705e+03 -1.3705e+01
8.5521e+05 9.8764e+05 2.4766e+03 -1.1121e+01
8.5527e+05 9.8764e+05 2.4925e+03 -1.0571e+01
8.5534e+05 9.8764e+05 2.4912e+03 -9.9271e+00
8.5540e+05 9.8764e+05 2.4860e+03 -9.8540e+00
8.5547e+05 9.8764e+05 2.4934e+03 -7.8053e+00
8.5553e+05 9.8764e+05 2.5104e+03 -6.9190e+00
8.5365e+05 9.8771e+05 2.2747e+03 -9.7588e+00
8.5371e+05 9.8771e+05 2.3061e+03 -8.2310e+00
8.5378e+05 9.8771e+05 2.3482e+03 -8.6877e+00
8.5384e+05 9.8771e+05 2.3866e+03 -1.2363e+01
8.5391e+05 9.8771e+05 2.4364e+03 -1.3858e+01
8.5397e+05 9.8771e+05 2.4853e+03 -1.2289e+01
8.5404e+05 9.8771e+05 2.5208e+03 -1.3435e+01
8.5410e+05 9.8771e+05 2.5501e+03 -1.3378e+01
8.5417e+05 9.8771e+05 2.6116e+03 -1.7602e+01
8.5423e+05 9.8771e+05 2.6771e+03 -1.4729e+01
8.5430e+05 9.8771e+05 2.7315e+03 -1.1023e+01
8.5436e+05 9.8771e+05 2.7519e+03 -1.2519e+01
8.5443e+05 9.8771e+05 2.7496e+03 -1.1353e+01
8.5449e+05 9.8771e+05 2.7263e+03 -1.4161e+01
8.5456e+05 9.8771e+05 2.6967e+03 -1.7744e+01
8.5462e+05 9.8771e+05 2.6605e+03 -1.5158e+01
8.5469e+05 9.8771e+05 2.6304e+03 -1.9879e+01
8.5475e+05 9.8771e+05 2.6158e+03 -1.6962e+01
8.5482e+05 9.8771e+05 2.6026e+03 -1.3489e+01
8.5488e+05 9.8771e+05 2.5976e+03 -1.5677e+01
8.5495e+05 9.8771e+05 2.5797e+03 -1.3328e+01
8.5501e+05 9.8771e+05 2.5446e+03 -1.2045e+01
8.5508e+05 9.8771e+05 2.5056e+03 -1.3669e+01
8.5514e+05 9.8771e+05 2.4785e+03 -1.5701e+01
8.5521e+05 9.8771e+05 2.4814e+03 -9.9183e+00
8.5527e+05 9.8771e+05 2.5113e+03 -1.3414e+01
8.5534e+05 9.8771e+05 2.5160e+03 -1.0535e+01
8.5540e+05 9.8771e+05 2.5074e+03 -9.6762e+00
8.5547e+05 9.8771e+05 2.5100e+03 -9.7365e+00
8.5553e+05 9.8771e+05 2.5219e+03 -8.7031e+00
8.5365e+05 9.8777e+05 2.3059e+03 -8.6569e+00
8.5371e+05 9.8777e+05 2.3303e+03 -1.0430e+01
8.5378e+05 9.8777e+05 2.3620e+03 -1.1593e+01
8.5384e+05 9.8777e+05 2.3811e+03 -1.1578e+01
8.5391e+05 9.8777e+05 2.4275e+03 -1.5757e+01
8.5397e+05 9.8777e+05 2.4942e+03 -1.3501e+01
8.5404e+05 9.8777e+05 2.5273e+03 -1.2771e+01
8.5410e+05 9.8777e+05 2.5590e+03 -1.4520e+01
8.5417e+05 9.8777e+05 2.6351e+03 -1.7304e+01
8.5423e+05 9.8777e+05 2.6833e+03 -1.7417e+01
8.5430e+05 9.8777e+05 2.7224e+03 -1.5341e+01
8.5436e+05 9.8777e+05 2.7540e+03 -1.6327e+01
8.5443e+05 9.8777e+05 2.7614e+03 -1.3087e+01
8.5449e+05 9.8777e+05 2.7395e+03 -1.2978e+01
8.5456e+05 9.8777e+05 2.7046e+03 -1.3353e+01
8.5462e+05 9.8777e+05 2.6696e+03 -1.7657e+01
8.5469e+05 9.8777e+05 2.6427e+03 -1.7290e+01
8.5475e+05 9.8777e+05 2.6414e+03 -1.6834e+01
8.5482e+05 9.8777e+05 2.6338e+03 -1.6745e+01
8.5488e+05 9.8777e+05 2.6182e+03 -1.9061e+01
8.5495e+05 9.8777e+05 2.6039e+03 -1.5490e+01
8.5501e+05 9.8777e+05 2.5629e+03 -1.7570e+01
8.5508e+05 9.8777e+05 2.5285e+03 -1.4766e+01
8.5514e+05 9.8777e+05 2.4977e+03 -1.4773e+01
8.5521e+05 9.8777e+05 2.4839e+03 -1.4662e+01
8.5527e+05 9.8777e+05 2.4995e+03 -1.1294e+01
8.5534e+05 9.8777e+05 2.5209e+03 -1.2180e+01
8.5540e+05 9.8777e+05 2.5265e+03 -1.4380e+01
8.5547e+05 9.8777e+05 2.5263e+03 -8.3235e+00
8.5553e+05 9.8777e+05 2.5340e+03 -8.5877e+00
8.5365e+05 9.8784e+05 2.3131e+03 -1.2227e+01
8.5371e+05 9.8784e+05 2.3333e+03 -9.2235e+00
8.5378e+05 9.8784e+05 2.3751e+03 -1.2053e+01
8.5384e+05 9.8784e+05 2.4005e+03 -1.2033e+01
8.5391e+05 9.8784e+05 2.4324e+03 -1.5132e+01
8.5397e+05 9.8784e+05 2.4842e+03 -1.2822e+01
8.5404e+05 9.8784e+05 2.5188e+03 -1.2729e+01
8.5410e+05 9.8784e+05 2.5781e+03 -1.4319e+01
8.5417e+05 9.8784e+05 2.6347e+03 -1.5435e+01
8.5423e+05 9.8784e+05 2.6909e+03 -1.4742e+01
8.5430e+05 9.8784e+05 2.7266e+03 -1.6138e+01
8.5436e+05 9.8784e+05 2.7560e+03 -1.4853e+01
8.5443e+05 9.8784e+05 2.7724e+03 -1.7519e+01
8.5449e+05 9.8784e+05 2.7489e+03 -1.8989e+01
8.5456e+05 9.8784e+05 2.7159e+03 -1.1435e+01
8.5462e+05 9.8784e+05 2.6828e+03 -1.6427e+01
8.5469e+05 9.8784e+05 2.6622e+03 -1.5344e+01
8.5475e+05 9.8784e+05 2.6679e+03 -1.4628e+01
8.5482e+05 9.8784e+05 2.6622e+03 -1.7064e+01
8.5488e+05 9.8784e+05 2.6542e+03 -2.0631e+01
8.5495e+05 9.8784e+05 2.6321e+03 -1.5983e+01
8.5501e+05 9.8784e+05 2.5901e+03 -1.9000e+01
8.5508e+05 9.8784e+05 2.5504e+03 -1.6480e+01
8.5514e+05 9.8784e+05 2.5158e+03 -1.7720e+01
8.5521e+05 9.8784e+05 2.4952e+03 -1.5821e+01
8.5527e+05 9.8784e+05 2.4953e+03 -1.2391e+01
8.5534e+05 9.8784e+05 2.5103e+03 -1.2338e+01
8.5540e+05 9.8784e+05 2.5309e+03 -1.2111e+01
8.5547e+05 9.8784e+05 2.5338e+03 -1.1638e+01
8.5553e+05 9.8784e+05 2.5312e+03 -8.0909e+00
8.5365e+05 9.8790e+05 2.3361e+03 -1.1696e+01
8.5371e+05 9.8790e+05 2.3764e+03 -1.0843e+01
8.5378e+05 9.8790e+05 2.3884e+03 -1.2202e+01
8.5384e+05 9.8790e+05 2.4271e+03 -1.1680e+01
8.5391e+05 9.8790e+05 2.4415e+03 -1.2773e+01
8.5397e+05 9.8790e+05 2.4959e+03 -1.5714e+01
8.5404e+05 9.8790e+05 2.5062e+03 -1.3027e+01
8.5410e+05 9.8790e+05 2.5908e+03 -1.3418e+01
8.5417e+05 9.8790e+05 2.6552e+03 -1.7611e+01
8.5423e+05 9.8790e+05 2.6865e+03 -1.6520e+01
8.5430e+05 9.8790e+05 2.7245e+03 -1.5581e+01
8.5436e+05 9.8790e+05 2.7657e+03 -1.3583e+01
8.5443e+05 9.8790e+05 2.7820e+03 -1.8609e+01
8.5449e+05 9.8790e+05 2.7609e+03 -1.4979e+01
8.5456e+05 9.8790e+05 2.7267e+03 -1.0075e+01
8.5462e+05 9.8790e+05 2.6990e+03 -1.8487e+01
8.5469e+05 9.8790e+05 2.6823e+03 -1.7548e+01
8.5475e+05 9.8790e+05 2.6921e+03 -1.6602e+01
8.5482e+05 9.8790e+05 2.6960e+03 -1.9070e+01
8.5488e+05 9.8790e+05 2.6837e+03 -1.8145e+01
8.5495e+05 9.8790e+05 2.6571e+03 -1.3993e+01
8.5501e+05 9.8790e+05 2.6102e+03 -1.6369e+01
8.5508e+05 9.8790e+05 2.5704e+03 -1.2304e+01
8.5514e+05 9.8790e+05 2.5423e+03 -1.3460e+01
8.5521e+05 9.8790e+05 2.5127e+03 -8.5053e+00
8.5527e+05 9.8790e+05 2.5021e+03 -1.0893e+01
8.5534e+05 9.8790e+05 2.5078e+03 -1.2196e+01
8.5540e+05 9.8790e+05 2.5247e+03 -1.1913e+01
8.5547e+05 9.8790e+05 2.5317e+03 -1.0624e+01
8.5553e+05 9.8790e+05 2.5233e+03 -7.9648e+00
8.5365e+05 9.8797e+05 2.3593e+03 -1.1307e+01
8.5371e+05 9.8797e+05 2.3507e+03 -1.0761e+01
8.5378e+05 9.8797e+05 2.3945e+03 -1.7228e+01
8.5384e+05 9.8797e+05 2.4183e+03 -1.5082e+01
8.5391e+05 9.8797e+05 2.4543e+03 -1.3481e+01
8.5397e+05 9.8797e+05 2.4841e+03 -1.6832e+01
8.5404e+05 9.8797e+05 2.5198e+03 -1.6460e+01
8.5410e+05 9.8797e+05 2.6070e+03 -1.4038e+01
8.5417e+05 9.8797e+05 2.6546e+03 -1.4665e+01
8.5423e+05 9.8797e+05 2.6931e+03 -1.7489e+01
8.5430e+05 9.8797e+05 2.7319e+03 -1.5319e+01
8.5436e+05 9.8797e+05 2.7737e+03 -1.5126e+01
8.5443e+05 9.8797e+05 2.7843e+03 -1.5215e+01
8.5449e+05 9.8797e+05 2.7758e+03 -1.5063e+01
8.5456e+05 9.8797e+05 2.7430e+03 -1.6489e+01
8.5462e+05 9.8797e+05 2.7131e+03 -1.8678e+01
8.5469e+05 9.8797e+05 2.6879e+03 -1.6623e+01
8.5475e+05 9.8797e+05 2.6933e+03 -1.8942e+01
8.5482e+05 9.8797e+05 2.7127e+03 -1.5631e+01
8.5488e+05 9.8797e+05 2.7081e+03 -1.5445e+01
8.5495e+05 9.8797e+05 2.6825e+03 -1.8115e+01
8.5501e+05 9.8797e+05 2.6392e+03 -1.7996e+01
8.5508e+05 9.8797e+05 2.5978e+03 -1.9907e+01
8.5514e+05 9.8797e+05 2.5611e+03 -1.6612e+01
8.5521e+05 9.8797e+05 2.5259e+03 -1.6208e+01
8.5527e+05 9.8797e+05 2.5119e+03 -1.0919e+01
8.5534e+05 9.8797e+05 2.5149e+03 -1.2796e+01
8.5540e+05 9.8797e+05 2.5194e+03 -1.1538e+01
8.5547e+05 9.8797e+05 2.5261e+03 -1.1499e+01
8.5553e+05 9.8797e+05 2.5234e+03 -1.1934e+01
8.5365e+05 9.8804e+05 2.3798e+03 -1.1008e+01
8.5371e+05 9.8804e+05 2.3735e+03 -1.0681e+01
8.5378e+05 9.8804e+05 2.3973e+03 -1.5777e+01
8.5384e+05 9.8804e+05 2.4246e+03 -1.5619e+01
8.5391e+05 9.8804e+05 2.4506e+03 -1.3840e+01
8.5397e+05 9.8804e+05 2.4817e+03 -1.6936e+01
8.5404e+05 9.8804e+05 2.5287e+03 -1.6826e+01
8.5410e+05 9.8804e+05 2.6086e+03 -1.5980e+01
8.5417e+05 9.8804e+05 2.6476e+03 -1.8731e+01
8.5423e+05 9.8804e+05 2.6944e+03 -1.6798e+01
8.5430e+05 9.8804e+05 2.7357e+03 -1.4430e+01
8.5436e+05 9.8804e+05 2.7616e+03 -1.6938e+01
8.5443e+05 9.8804e+05 2.7829e+03 -1.7071e+01
8.5449e+05 9.8804e+05 2.7861e+03 -1.6778e+01
8.5456e+05 9.8804e+05 2.7540e+03 -1.6594e+01
8.5462e+05 9.8804e+05 2.7131e+03 -1.7387e+01
8.5469e+05 9.8804e+05 2.6962e+03 -1.6883e+01
8.5475e+05 9.8804e+05 2.7040e+03 -1.8136e+01
8.5482e+05 9.8804e+05 2.7253e+03 -1.6884e+01
8.5488e+05 9.8804e+05 2.7273e+03 -1.8309e+01
8.5495e+05 9.8804e+05 2.7121e+03 -1.6749e+01
8.5501e+05 9.8804e+05 2.6674e+03 -1.6169e+01
8.5508e+05 9.8804e+05 2.6261e+03 -1.5333e+01
8.5514e+05 9.8804e+05 2.5866e+03 -1.6094e+01
8.5521e+05 9.8804e+05 2.5464e+03 -1.3536e+01
8.5527e+05 9.8804e+05 2.5298e+03 -1.2737e+01
8.5534e+05 9.8804e+05 2.5307e+03 -1.0755e+01
8.5540e+05 9.8804e+05 2.5317e+03 -1.0402e+01
8.5547e+05 9.8804e+05 2.5267e+03 -1.5015e+01
8.5553e+05 9.8804e+05 2.5222e+03 -6.6092e+00
8.5365e+05 9.8810e+05 2.4054e+03 -1.1332e+01
8.5371e+05 9.8810e+05 2.3780e+03 -1.2483e+01
8.5378e+05 9.8810e+05 2.3975e+03 -1.2450e+01
8.5384e+05 9.8810e+05 2.4342e+03 -1.4386e+01
8.5391e+05 9.8810e+05 2.4599e+03 -1.6337e+01
8.5397e+05 9.8810e+05 2.4866e+03 -1.3305e+01
8.5404e+05 9.8810e+05 2.5322e+03 -1.1680e+01
8.5410e+05 9.8810e+05 2.6015e+03 -1.9107e+01
8.5417e+05 9.8810e+05 2.6425e+03 -1.9602e+01
8.5423e+05 9.8810e+05 2.6768e+03 -1.7337e+01
8.5430e+05 9.8810e+05 2.7108e+03 -1.6323e+01
8.5436e+05 9.8810e+05 2.7492e+03 -1.3920e+01
8.5443e+05 9.8810e+05 2.7784e+03 -1.7824e+01
8.5449e+05 9.8810e+05 2.7842e+03 -1.8168e+01
8.5456e+05 9.8810e+05 2.7531e+03 -1.6496e+01
8.5462e+05 9.8810e+05 2.7163e+03 -1.7010e+01
8.5469e+05 9.8810e+05 2.6963e+03 -1.5566e+01
8.5475e+05 9.8810e+05 2.7143e+03 -1.4990e+01
8.5482e+05 9.8810e+05 2.7325e+03 -1.5070e+01
8.5488e+05 9.8810e+05 2.7416e+03 -1.3973e+01
8.5495e+05 9.8810e+05 2.7355e+03 -1.6196e+01
8.5501e+05 9.8810e+05 2.6968e+03 -1.6842e+01
8.5508e+05 9.8810e+05 2.6508e+03 -1.7004e+01
8.5514e+05 9.8810e+05 2.6044e+03 -1.5456e+01
8.5521e+05 9.8810e+05 2.5645e+03 -1.6329e+01
8.5527e+05 9.8810e+05 2.5493e+03 -1.6651e+01
8.5534e+05 9.8810e+05 2.5470e+03 -1.2036e+01
8.5540e+05 9.8810e+05 2.5421e+03 -1.2744e+01
8.5547e+05 9.8810e+05 2.5206e+03 -8.7167e+00
8.5553e+05 9.8810e+05 2.5200e+03 -1.1078e+01
8.5365e+05 9.8817e+05 2.4080e+03 -1.5051e+01
8.5371e+05 9.8817e+05 2.3858e+03 -1.4802e+01
8.5378e+05 9.8817e+05 2.3935e+03 -1.6710e+01
8.5384e+05 9.8817e+05 2.4409e+03 -1.3963e+01
8.5391e+05 9.8817e+05 2.4668e+03 -1.3979e+01
8.5397e+05 9.8817e+05 2.4881e+03 -1.0874e+01
8.5404e+05 9.8817e+05 2.5475e+03 -1.4039e+01
8.5410e+05 9.8817e+05 2.5941e+03 -1.4680e+01
8.5417e+05 9.8817e+05 2.6458e+03 -1.7682e+01
8.5423e+05 9.8817e+05 2.6748e+03 -1.6962e+01
8.5430e+05 9.8817e+05 2.7050e+03 -1.4577e+01
8.5436e+05 9.8817e+05 2.7303e+03 -1.4223e+01
8.5443e+05 9.8817e+05 2.7607e+03 -1.5396e+01
8.5449e+05 9.8817e+05 2.7741e+03 -1.6721e+01
8.5456e+05 9.8817e+05 2.7495e+03 -1.2348e+01
8.5462e+05 9.8817e+05 2.7142e+03 -1.7928e+01
8.5469e+05 9.8817e+05 2.6983e+03 -1.7348e+01
8.5475e+05 9.8817e+05 2.7109e+03 -1.5639e+01
8.5482e+05 9.8817e+05 2.7304e+03 -1.4562e+01
8.5488e+05 9.8817e+05 2.7475e+03 -1.1829e+01
8.5495e+05 9.8817e+05 2.7517e+03 -1.4617e+01
8.5501e+05 9.8817e+05 2.7116e+03 -1.6310e+01
8.5508e+05 9.8817e+05 2.6648e+03 -1.4513e+01
8.5514e+05 9.8817e+05 2.6236e+03 -1.6711e+01
8.5521e+05 9.8817e+05 2.5831e+03 -1.7668e+01
8.5527e+05 9.8817e+05 2.5610e+03 -1.5396e+01
8.5534e+05 9.8817e+05 2.5502e+03 -1.1197e+01
8.5540e+05 9.8817e+05 2.5299e+03 -1.1415e+01
8.5547e+05 9.8817e+05 2.5207e+03 -9.9438e+00
8.5553e+05 9.8817e+05 2.5193e+03 -7.7618e+00
8.5365e+05 9.8823e+05 2.4113e+03 -8.5699e+00
8.5371e+05 9.8823e+05 2.4071e+03 -9.6323e+00
8.5378e+05 9.8823e+05 2.3957e+03 -1.4421e+01
8.5384e+05 9.8823e+05 2.4303e+03 -1.5796e+01
8.5391e+05 9.8823e+05 2.4717e+03 -1.3268e+01
8.5397e+05 9.8823e+05 2.5039e+03 -1.5929e+01
8.5404e+05 9.8823e+05 2.5387e+03 -1.4865e+01
8.5410e+05 9.8823e+05 2.5951e+03 -1.3126e+01
8.5417e+05 9.8823e+05 2.6308e+03 -1.8045e+01
8.5423e+05 9.8823e+05 2.6649e+03 -1.4948e+01
8.5430e+05 9.8823e+05 2.6879e+03 -1.7296e+01
8.5436e+05 9.8823e+05 2.7182e+03 -1.3515e+01
8.5443e+05 9.8823e+05 2.7414e+03 -1.4625e+01
8.5449e+05 9.8823e+05 2.7510e+03 -1.7420e+01
8.5456e+05 9.8823e+05 2.7388e+03 -1.2077e+01
8.5462e+05 9.8823e+05 2.7068e+03 -1.6662e+01
8.5469e+05 9.8823e+05 2.6944e+03 -1.6469e+01
8.5475e+05 9.8823e+05 2.7047e+03 -1.6401e+01
8.5482e+05 9.8823e+05 2.7244e+03 -1.3533e+01
8.5488e+05 9.8823e+05 2.7399e+03 -1.3943e+01
8.5495e+05 9.8823e+05 2.7447e+03 -1.7639e+01
8.5501e+05 9.8823e+05 2.7226e+03 -1.3490e+01
8.5508e+05 9.8823e+05 2.6806e+03 -1.7303e+01
8.5514e+05 9.8823e+05 2.6433e+03 -1.9593e+01
8.5521e+05 9.8823e+05 2.6060e+03 -1.7347e+01
8.5527e+05 9.8823e+05 2.5740e+03 -1.2998e+01
8.5534e+05 9.8823e+05 2.5430e+03 -1.6784e+01
8.5540e+05 9.8823e+05 2.5196e+03 -9.2878e+00
8.5547e+05 9.8823e+05 2.5184e+03 -8.5720e+00
8.5553e+05 9.8823e+05 2.5210e+03 -8.6506e+00
8.5365e+05 9.8830e+05 2.4089e+03 -1.2280e+01
8.5371e+05 9.8830e+05 2.4095e+03 -1.4064e+01
8.5378e+05 9.8830e+05 2.3927e+03 -1.4406e+01
8.5384e+05 9.8830e+05 2.4224e+03 -1.5429e+01
8.5391e+05 9.8830e+05 2.4607e+03 -1.1890e+01
8.5397e+05 9.8830e+05 2.5025e+03 -1.6224e+01
8.5404e+05 9.8830e+05 2.5410e+03 -1.2353e+01
8.5410e+05 9.8830e+05 2.5896e+03 -1.7232e+01
8.5417e+05 9.8830e+05 2.6081e+03 -1.7396e+01
8.5423e+05 9.8830e+05 2.6467e+03 -2.0226e+01
8.5430e+05 9.8830e+05 2.6614e+03 -1.2210e+01
8.5436e+05 9.8830e+05 2.6847e+03 -1.9826e+01
8.5443e+05 9.8830e+05 2.7106e+03 -1.0254e+01
8.5449e+05 9.8830e+05 2.7186e+03 -1.7142e+01
8.5456e+05 9.8830e+05 2.7137e+03 -1.5848e+01
8.5462e+05 9.8830e+05 2.6947e+03 -1.5867e+01
8.5469e+05 9.8830e+05 2.6785e+03 -1.5938e+01
8.5475e+05 9.8830e+05 2.6747e+03 -1.3361e+01
8.5482e+05 9.8830e+05 2.6969e+03 -1.7179e+01
8.5488e+05 9.8830e+05 2.7158e+03 -1.4550e+01
8.5495e+05 9.8830e+05 2.7168e+03 -1.6060e+01
8.5501e+05 9.8830e+05 2.7118e+03 -1.2990e+01
8.5508e+05 9.8830e+05 2.6907e+03 -1.6474e+01
8.5514e+05 9.8830e+05 2.6529e+03 -1.6943e+01
8.5521e+05 9.8830e+05 2.6120e+03 -1.3108e+01
8.5527e+05 9.8830e+05 2.5711e+03 -1.5223e+01
8.5534e+05 9.8830e+05 2.5318e+03 -1.4041e+01
8.5540e+05 9.8830e+05 2.5153e+03 -1.0508e+01
8.5547e+05 9.8830e+05 2.5171e+03 -1.0236e+01
8.5553e+05 9.8830e+05 2.5228e+03 -8.7191e+00
8.5365e+05 9.8837e+05 2.4173e+03 -9.9655e+00
8.5371e+05 9.8837e+05 2.4170e+03 -1.4397e+01
8.5378e+05 9.8837e+05 2.4048e+03 -1.6209e+01
8.5384e+05 9.8837e+05 2.4197e+03 -1.3768e+01
8.5391e+05 9.8837e+05 2.4442e+03 -1.7151e+01
8.5397e+05 9.8837e+05 2.4951e+03 -1.6682e+01
8.5404e+05 9.8837e+05 2.5261e+03 -1.2861e+01
8.5410e+05 9.8837e+05 2.5573e+03 -1.3835e+01
8.5417e+05 9.8837e+05 2.5844e+03 -1.6166e+01
8.5423e+05 9.8837e+05 2.6102e+03 -1.6749e+01
8.5430e+05 9.8837e+05 2.6405e+03 -1.6270e+01
8.5436e+05 9.8837e+05 2.6644e+03 -1.7495e+01
8.5443e+05 9.8837e+05 2.6772e+03 -1.8506e+01
8.5449e+05 9.8837e+05 2.6865e+03 -1.7761e+01
8.5456e+05 9.8837e+05 2.6825e+03 -1.6269e+01
8.5462e+05 9.8837e+05 2.6720e+03 -1.5588e+01
8.5469e+05 9.8837e+05 2.6596e+03 -1.3407e+01
8.5475e+05 9.8837e+05 2.6501e+03 -1.9579e+01
8.5482e+05 9.8837e+05 2.6626e+03 -1.4895e+01
8.5488e+05 9.8837e+05 2.6794e+03 -1.7731e+01
8.5495e+05 9.8837e+05 2.6881e+03 -1.4272e+01
8.5501e+05 9.8837e+05 2.6817e+03 -1.7476e+01
8.5508e+05 9.8837e+05 2.6602e+03 -1.6119e+01
8.5514e+05 9.8837e+05 2.6288e+03 -1.3101e+01
8.5521e+05 9.8837e+05 2.5941e+03 -1.4306e+01
8.5527e+05 9.8837e+05 2.5521e+03 -1.2219e+01
8.5534e+05 9.8837e+05 2.5208e+03 -1.4306e+01
8.5540e+05 9.8837e+05 2.5131e+03 -1.2359e+01
8.5547e+05 9.8837e+05 2.5172e+03 -9.2232e+00
8.5553e+05 9.8837e+05 2.5248e+03 -7.5931e+00
8.5365e+05 9.8843e+05 2.4018e+03 -1.3449e+01
8.5371e+05 9.8843e+05 2.4183e+03 -1.5003e+01
8.5378e+05 9.8843e+05 2.4103e+03 -1.4077e+01
8.5384e+05 9.8843e+05 2.4093e+03 -1.3139e+01
8.5391e+05 9.8843e+05 2.4317e+03 -1.3984e+01
8.5397e+05 9.8843e+05 2.4714e+03 -1.2282e+01
8.5404e+05 9.8843e+05 2.5058e+03 -1.1959e+01
8.5410e+05 9.8843e+05 2.5380e+03 -1.7117e+01
8.5417e+05 9.8843e+05 2.5610e+03 -1.3131e+01
8.5423e+05 9.8843e+05 2.5971e+03 -1.8118e+01
8.5430e+05 9.8843e+05 2.6210e+03 -1.5802e+01
8.5436e+05 9.8843e+05 2.6419e+03 -1.3307e+01
8.5443e+05 9.8843e+05 2.6618e+03 -1.4556e+01
8.5449e+05 9.8843e+05 2.6570e+03 -1.5795e+01
8.5456e+05 9.8843e+05 2.6467e+03 -1.4201e+01
8.5462e+05 9.8843e+05 2.6449e+03 -1.5417e+01
8.5469e+05 9.8843e+05 2.6392e+03 -1.6289e+01
8.5475e+05 9.8843e+05 2.6196e+03 -1.6178e+01
8.5482e+05 9.8843e+05 2.6197e+03 -1.6051e+01
8.5488e+05 9.8843e+05 2.6316e+03 -1.7923e+01
8.5495e+05 9.8843e+05 2.6383e+03 -1.9112e+01
8.5501e+05 9.8843e+05 2.6319e+03 -1.7135e+01
8.5508e+05 9.8843e+05 2.6195e+03 -1.4514e+01
8.5514e+05 9.8843e+05 2.5892e+03 -1.5156e+01
8.5521e+05 9.8843e+05 2.5576e+03 -1.4562e+01
8.5527e+05 9.8843e+05 2.5260e+03 -1.0908e+01
8.5534e+05 9.8843e+05 2.5167e+03 -1.3234e+01
8.5540e+05 9.8843e+05 2.5150e+03 -1.1702e+01
8.5547e+05 9.8843e+05 2.5197e+03 -1.0577e+01
8.5553e+05 9.8843e+05 2.5399e+03 -9.6918e+00
8.5365e+05 9.8850e+05 2.3987e+03 -9.3797e+00
8.5371e+05 9.8850e+05 2.4188e+03 -1.2450e+01
8.5378e+05 9.8850e+05 2.4189e+03 -8.9360e+00
8.5384e+05 9.8850e+05 2.4080e+03 -1.3028e+01
8.5391e+05 9.8850e+05 2.4288e+03 -1.2324e+01
8.5397e+05 9.8850e+05 2.4590e+03 -1.3766e+01
8.5404e+05 9.8850e+05 2.4856e+03 -1.3428e+01
8.5410e+05 9.8850e+05 2.5176e+03 -1.1872e+01
8.5417e+05 9.8850e+05 2.5399e+03 -1.1777e+01
8.5423e+05 9.8850e+05 2.5709e+03 -1.3032e+01
8.5430e+05 9.8850e+05 2.5978e+03 -1.4370e+01
8.5436e+05 9.8850e+05 2.6164e+03 -1.6607e+01
8.5443e+05 9.8850e+05 2.6225e+03 -1.5763e+01
8.5449e+05 9.8850e+05 2.6314e+03 -1.4087e+01
8.5456e+05 9.8850e+05 2.6278e+03 -1.5773e+01
8.5462e+05 9.8850e+05 2.6233e+03 -1.7469e+01
8.5469e+05 9.8850e+05 2.6118e+03 -1.5767e+01
8.5475e+05 9.8850e+05 2.5935e+03 -1.2348e+01
8.5482e+05 9.8850e+05 2.5851e+03 -1.3697e+01
8.5488e+05 9.8850e+05 2.5748e+03 -1.6688e+01
8.5495e+05 9.8850e+05 2.5798e+03 -1.2620e+01
8.5501e+05 9.8850e+05 2.5778e+03 -1.4195e+01
8.5508e+05 9.8850e+05 2.5647e+03 -1.4741e+01
8.5514e+05 9.8850e+05 2.5567e+03 -1.3486e+01
8.5521e+05 9.8850e+05 2.5297e+03 -1.2035e+01
8.5527e+05 9.8850e+05 2.5172e+03 -9.8860e+00
8.5534e+05 9.8850e+05 2.5150e+03 -1.2900e+01
8.5540e+05 9.8850e+05 2.5177e+03 -1.4177e+01
8.5547e+05 9.8850e+05 2.5261e+03 -9.9589e+00
8.5553e+05 9.8850e+05 2.5515e+03 -7.7275e+00
8.5365e+05 9.8856e+05 2.3889e+03 -8.2573e+00
8.5371e+05 9.8856e+05 2.4091e+03 -1.2151e+01
8.5378e+05 9.8856e+05 2.4193e+03 -1.0886e+01
8.5384e+05 9.8856e+05 2.4088e+03 -6.4606e+00
8.5391e+05 9.8856e+05 2.4217e+03 -1.1100e+01
8.5397e+05 9.8856e+05 2.4443e+03 -1.3346e+01
8.5404e+05 9.8856e+05 2.4712e+03 -1.1464e+01
8.5410e+05 9.8856e+05 2.4912e+03 -1.4132e+01
8.5417e+05 9.8856e+05 2.5160e+03 -1.2358e+01
8.5423e+05 9.8856e+05 2.5419e+03 -1.1536e+01
8.5430e+05 9.8856e+05 2.5605e+03 -1.5286e+01
8.5436e+05 9.8856e+05 2.5787e+03 -1.0410e+01
8.5443e+05 9.8856e+05 2.5898e+03 -1.2637e+01
8.5449e+05 9.8856e+05 2.5974e+03 -1.6542e+01
8.5456e+05 9.8856e+05 2.6093e+03 -1.5897e+01
8.5462e+05 9.8856e+05 2.6052e+03 -1.6016e+01
8.5469e+05 9.8856e+05 2.5805e+03 -1.0500e+01
8.5475e+05 9.8856e+05 2.5701e+03 -1.1836e+01
8.5482e+05 9.8856e+05 2.5559e+03 -1.5491e+01
8.5488e+05 9.8856e+05 2.5410e+03 -1.4253e+01
8.5495e+05 9.8856e+05 2.5396e+03 -1.3148e+01
8.5501e+05 9.8856e+05 2.5396e+03 -1.1566e+01
8.5508e+05 9.8856e+05 2.5434e+03 -8.9583e+00
8.5514e+05 9.8856e+05 2.5358e+03 -1.0576e+01
8.5521e+05 9.8856e+05 2.5150e+03 -7.9045e+00
8.5527e+05 9.8856e+05 2.5145e+03 -9.6226e+00
8.5534e+05 9.8856e+05 2.5185e+03 -9.3345e+00
8.5540e+05 9.8856e+05 2.5247e+03 -1.0748e+01
8.5547e+05 9.8856e+05 2.5354e+03 -7.8425e+00
8.5553e+05 9.8856e+05 2.5633e+03 -1.0281e+01
